-1.536000000000000000e+03 -1.076000000000000000e+03 -1.178000000000000000e+03 -6.300000000000000000e+01 -6.600000000000000000e+01 -6.300000000000000000e+01 -6.300000000000000000e+01 -6.100000000000000000e+01 -6.100000000000000000e+01 -6.200000000000000000e+01
-1.625000000000000000e+03 -1.620000000000000000e+02 -6.300000000000000000e+01 -6.500000000000000000e+01 -6.400000000000000000e+01 -6.200000000000000000e+01 -6.000000000000000000e+01 -6.000000000000000000e+01 -6.300000000000000000e+01 -6.000000000000000000e+01
-5.110000000000000000e+02 -6.400000000000000000e+01 -6.200000000000000000e+01 -6.200000000000000000e+01 -6.100000000000000000e+01 -6.200000000000000000e+01 -6.000000000000000000e+01 -6.000000000000000000e+01 -5.900000000000000000e+01 -6.100000000000000000e+01
-6.000000000000000000e+01 -6.100000000000000000e+01 -6.200000000000000000e+01 -6.200000000000000000e+01 -6.500000000000000000e+01 -6.400000000000000000e+01 -6.600000000000000000e+01 -6.500000000000000000e+01 -6.500000000000000000e+01 -6.400000000000000000e+01
-2.749000000000000000e+03 -2.309000000000000000e+03 -2.406000000000000000e+03 -6.050000000000000000e+02 -6.980000000000000000e+02 -7.980000000000000000e+02 -6.500000000000000000e+01 -1.600000000000000000e+02 -6.800000000000000000e+01 -7.200000000000000000e+01
-2.224000000000000000e+03 -1.455000000000000000e+03 -1.452000000000000000e+03 -1.093000000000000000e+03 -7.300000000000000000e+01 -7.300000000000000000e+01 -1.610000000000000000e+02 -6.400000000000000000e+01 -7.100000000000000000e+01 -3.430000000000000000e+02
-6.300000000000000000e+01 -6.200000000000000000e+01 -6.300000000000000000e+01 -6.300000000000000000e+01 -6.000000000000000000e+01 -6.000000000000000000e+01 -5.900000000000000000e+01 -5.900000000000000000e+01 -5.900000000000000000e+01 -5.900000000000000000e+01
-1.731000000000000000e+03 -1.720000000000000000e+03 -1.726000000000000000e+03 -1.720000000000000000e+03 -1.720000000000000000e+03 -6.190000000000000000e+02 -6.500000000000000000e+01 -6.500000000000000000e+01 -6.100000000000000000e+01 -6.100000000000000000e+01
-2.977000000000000000e+03 -2.874000000000000000e+03 -1.941000000000000000e+03 -1.572000000000000000e+03 -3.520000000000000000e+02 -6.400000000000000000e+01 -6.000000000000000000e+01 -5.900000000000000000e+01 -6.400000000000000000e+01 -6.100000000000000000e+01
-2.636000000000000000e+03 -2.037000000000000000e+03 -2.027000000000000000e+03 -8.700000000000000000e+02 -7.840000000000000000e+02 -8.740000000000000000e+02 -6.700000000000000000e+01 -6.300000000000000000e+01 -6.600000000000000000e+01 -6.200000000000000000e+01
-2.991000000000000000e+03 -2.122000000000000000e+03 -1.918000000000000000e+03 -2.102000000000000000e+03 -2.012000000000000000e+03 -2.108000000000000000e+03 -1.248000000000000000e+03 -1.252000000000000000e+03 -1.700000000000000000e+02 -2.650000000000000000e+02
-1.526000000000000000e+03 -6.500000000000000000e+01 -6.200000000000000000e+01 -6.100000000000000000e+01 -6.600000000000000000e+01 -6.700000000000000000e+01 -6.200000000000000000e+01 -6.200000000000000000e+01 -6.100000000000000000e+01 -6.000000000000000000e+01
-2.975000000000000000e+03 -2.640000000000000000e+03 -8.740000000000000000e+02 -6.000000000000000000e+01 -6.400000000000000000e+01 -6.000000000000000000e+01 -6.300000000000000000e+01 -5.900000000000000000e+01 -6.200000000000000000e+01 -6.000000000000000000e+01
-2.884000000000000000e+03 -2.640000000000000000e+03 -6.700000000000000000e+01 -6.500000000000000000e+01 -1.620000000000000000e+02 -6.400000000000000000e+01 -6.100000000000000000e+01 -6.200000000000000000e+01 -6.200000000000000000e+01 -6.300000000000000000e+01
-1.065000000000000000e+03 -3.330000000000000000e+02 -4.270000000000000000e+02 -3.310000000000000000e+02 -2.590000000000000000e+02 -6.000000000000000000e+01 -6.400000000000000000e+01 -6.400000000000000000e+01 -6.200000000000000000e+01 -6.200000000000000000e+01
-1.913000000000000000e+03 -6.400000000000000000e+01 -6.200000000000000000e+01 -6.300000000000000000e+01 -6.200000000000000000e+01 -6.100000000000000000e+01 -6.100000000000000000e+01 -6.100000000000000000e+01 -6.200000000000000000e+01 -6.000000000000000000e+01
-7.090000000000000000e+02 -3.280000000000000000e+02 -3.280000000000000000e+02 -3.270000000000000000e+02 -6.400000000000000000e+01 -6.400000000000000000e+01 -6.300000000000000000e+01 -6.400000000000000000e+01 -6.200000000000000000e+01 -6.000000000000000000e+01
-1.443000000000000000e+03 -6.300000000000000000e+01 -6.200000000000000000e+01 -6.000000000000000000e+01 -6.200000000000000000e+01 -6.200000000000000000e+01 -5.900000000000000000e+01 -6.000000000000000000e+01 -6.000000000000000000e+01 -6.000000000000000000e+01
-2.314000000000000000e+03 -2.310000000000000000e+03 -3.270000000000000000e+02 -3.280000000000000000e+02 -3.270000000000000000e+02 -6.000000000000000000e+01 -6.100000000000000000e+01 -5.900000000000000000e+01 -6.000000000000000000e+01 -6.200000000000000000e+01
-2.781000000000000000e+03 -2.623000000000000000e+03 -1.071000000000000000e+03 -8.920000000000000000e+02 -6.200000000000000000e+01 -6.000000000000000000e+01 -6.100000000000000000e+01 -6.000000000000000000e+01 -6.200000000000000000e+01 -6.400000000000000000e+01
-2.628000000000000000e+03 -2.027000000000000000e+03 -1.442000000000000000e+03 -1.098000000000000000e+03 -9.180000000000000000e+02 -1.079000000000000000e+03 -9.840000000000000000e+02 -9.850000000000000000e+02 -8.200000000000000000e+01 -1.700000000000000000e+02
-1.933000000000000000e+03 -1.927000000000000000e+03 -1.630000000000000000e+03 -6.600000000000000000e+01 -6.200000000000000000e+01 -6.300000000000000000e+01 -6.200000000000000000e+01 -6.200000000000000000e+01 -6.500000000000000000e+01 -6.100000000000000000e+01
-6.300000000000000000e+01 -6.200000000000000000e+01 -6.200000000000000000e+01 -5.900000000000000000e+01 -6.000000000000000000e+01 -6.000000000000000000e+01 -6.200000000000000000e+01 -6.300000000000000000e+01 -6.000000000000000000e+01 -5.900000000000000000e+01
-1.526000000000000000e+03 -1.526000000000000000e+03 -1.526000000000000000e+03 -6.800000000000000000e+01 -7.000000000000000000e+01 -6.300000000000000000e+01 -6.200000000000000000e+01 -6.300000000000000000e+01 -6.200000000000000000e+01 -6.200000000000000000e+01
-2.111000000000000000e+03 -1.817000000000000000e+03 -1.735000000000000000e+03 -7.900000000000000000e+01 -1.690000000000000000e+02 -2.660000000000000000e+02 -6.700000000000000000e+01 -6.500000000000000000e+01 -6.100000000000000000e+01 -6.300000000000000000e+01
-1.922000000000000000e+03 -6.500000000000000000e+01 -6.500000000000000000e+01 -6.200000000000000000e+01 -6.100000000000000000e+01 -6.000000000000000000e+01 -6.000000000000000000e+01 -6.200000000000000000e+01 -6.000000000000000000e+01 -6.000000000000000000e+01
-7.950000000000000000e+02 -6.980000000000000000e+02 -6.900000000000000000e+01 -6.400000000000000000e+01 -6.600000000000000000e+01 -6.600000000000000000e+01 -6.200000000000000000e+01 -6.200000000000000000e+01 -6.200000000000000000e+01 -6.200000000000000000e+01
-2.971000000000000000e+03 -2.004000000000000000e+03 -6.160000000000000000e+02 -1.590000000000000000e+02 -7.300000000000000000e+01 -1.610000000000000000e+02 -6.600000000000000000e+01 -7.400000000000000000e+01 -7.100000000000000000e+01 -2.550000000000000000e+02
-2.855000000000000000e+03 -2.766000000000000000e+03 -1.916000000000000000e+03 -6.600000000000000000e+01 -5.900000000000000000e+01 -6.200000000000000000e+01 -5.900000000000000000e+01 -6.100000000000000000e+01 -6.000000000000000000e+01 -5.900000000000000000e+01
-6.130000000000000000e+02 -6.400000000000000000e+01 -6.100000000000000000e+01 -6.300000000000000000e+01 -6.400000000000000000e+01 -6.300000000000000000e+01 -6.200000000000000000e+01 -1.570000000000000000e+02 -6.000000000000000000e+01 -6.300000000000000000e+01
-2.837000000000000000e+03 -2.734000000000000000e+03 -2.521000000000000000e+03 -2.333000000000000000e+03 -1.177000000000000000e+03 -1.910000000000000000e+02 -2.660000000000000000e+02 -8.500000000000000000e+01 -1.670000000000000000e+02 -7.800000000000000000e+01
-1.819000000000000000e+03 -5.900000000000000000e+01 -6.000000000000000000e+01 -6.000000000000000000e+01 -5.900000000000000000e+01 -6.200000000000000000e+01 -5.900000000000000000e+01 -6.000000000000000000e+01 -6.200000000000000000e+01 -6.100000000000000000e+01
-2.311000000000000000e+03 -1.527000000000000000e+03 -8.200000000000000000e+01 -6.800000000000000000e+01 -6.300000000000000000e+01 -6.700000000000000000e+01 -6.300000000000000000e+01 -6.600000000000000000e+01 -6.500000000000000000e+01 -6.200000000000000000e+01
-6.100000000000000000e+01 -6.200000000000000000e+01 -6.300000000000000000e+01 -6.200000000000000000e+01 -6.300000000000000000e+01 -6.000000000000000000e+01 -6.200000000000000000e+01 -6.300000000000000000e+01 -6.300000000000000000e+01 -5.900000000000000000e+01
-5.900000000000000000e+01 -5.900000000000000000e+01 -6.000000000000000000e+01 -6.300000000000000000e+01 -6.100000000000000000e+01 -5.900000000000000000e+01 -6.200000000000000000e+01 -6.100000000000000000e+01 -6.000000000000000000e+01 -6.200000000000000000e+01
-1.544000000000000000e+03 -9.700000000000000000e+02 -7.000000000000000000e+01 -1.660000000000000000e+02 -7.300000000000000000e+01 -6.800000000000000000e+01 -6.300000000000000000e+01 -6.700000000000000000e+01 -6.500000000000000000e+01 -6.400000000000000000e+01
-6.100000000000000000e+01 -6.100000000000000000e+01 -6.200000000000000000e+01 -6.500000000000000000e+01 -6.200000000000000000e+01 -6.400000000000000000e+01 -6.300000000000000000e+01 -6.100000000000000000e+01 -6.300000000000000000e+01 -6.100000000000000000e+01
-2.511000000000000000e+03 -1.710000000000000000e+03 -6.210000000000000000e+02 -8.100000000000000000e+01 -6.200000000000000000e+01 -6.300000000000000000e+01 -6.100000000000000000e+01 -6.200000000000000000e+01 -6.000000000000000000e+01 -5.900000000000000000e+01
-1.439000000000000000e+03 -1.253000000000000000e+03 -9.660000000000000000e+02 -7.900000000000000000e+02 -2.620000000000000000e+02 -6.800000000000000000e+01 -6.800000000000000000e+01 -6.800000000000000000e+01 -6.100000000000000000e+01 -6.100000000000000000e+01
-1.526000000000000000e+03 -7.100000000000000000e+01 -6.100000000000000000e+01 -6.200000000000000000e+01 -6.200000000000000000e+01 -6.200000000000000000e+01 -6.200000000000000000e+01 -6.100000000000000000e+01 -6.100000000000000000e+01 -6.100000000000000000e+01
-4.250000000000000000e+02 -6.100000000000000000e+01 -6.800000000000000000e+01 -6.200000000000000000e+01 -6.200000000000000000e+01 -6.200000000000000000e+01 -6.000000000000000000e+01 -6.200000000000000000e+01 -6.200000000000000000e+01 -6.000000000000000000e+01
-2.994000000000000000e+03 -6.000000000000000000e+01 -6.100000000000000000e+01 -5.900000000000000000e+01 -6.100000000000000000e+01 -6.200000000000000000e+01 -6.200000000000000000e+01 -6.000000000000000000e+01 -6.000000000000000000e+01 -5.900000000000000000e+01
-2.323000000000000000e+03 -1.526000000000000000e+03 -7.000000000000000000e+01 -6.700000000000000000e+01 -6.300000000000000000e+01 -6.300000000000000000e+01 -6.400000000000000000e+01 -5.900000000000000000e+01 -5.900000000000000000e+01 -6.300000000000000000e+01
-2.023000000000000000e+03 -1.348000000000000000e+03 -3.310000000000000000e+02 -6.700000000000000000e+01 -6.700000000000000000e+01 -6.500000000000000000e+01 -6.400000000000000000e+01 -6.100000000000000000e+01 -6.200000000000000000e+01 -6.100000000000000000e+01
